313706457
895488768
310438959
311785423
715229543
799063335
933457868
861630192
820300626
342264824
988032206
562960802
381957156
716993515
512181380
590949454
705567781
539156386
775934278
803131957
396423139
739985904
302782331
892755130
738390334
988253101
893971244
751078050
940891486
964318518
908879883
552705246
316335740
309831045
916391627
938476712
712991990
967886731
938773813
985186466
325340272
576911022
518346140
381185430
377587263
550078685
347972645
707567767
712130113
317918879
585461803
558192844
905730297
723137906
567686874
367076527
577009203
312610741
816293790
754074201
954721880
386966897
577870013
981935241
989234540
969128935
724629493
341735012
935877423
585997202
790073295
309707912
524500212
841620799
706374121
935013474
525122155
742405268
588458717
560088092
511605311
871756098
854516095
544948996
359039136
304606526
750817923
829816778
364267881
702049033
734724356
350454029
712551264
896918327
334713675
751064570
719245536
706779539
718035155
332495712
745160669
580273875
816637125
553126751
967449789
383739890
382868170
772339177
714453164
815682509
738557235
357043529
578915827
797624607
746089051
510901983
706973846
532292056
328138119
729878544
597874141
529721488
368820391
315818015
883695390
336647828
825736238
381995435
760113442
791623744
502570433
391919514
973437433
593673445
930482680
766131250
877004457
591805491
514119498
954665994
517252915
586178834
929852519
502670412
797863008
708679680
519658392
332958658
739001129
910645243
913501976
529441308
786469212
992805992
716485092
382328642
984734700
773793356
599968120
949780681
714664113
813849214
573714527
988365181
593562881
847495656
984115570
314485495
573989941
810017558
349972256
793410502
792613506
511224440
521510535
538932419
739202077
719703246
341095250
507892273
344228328
830888274
975508886
722495386
527697708
766978370
775977115
311664442
342967155
507017894
717555749
320965932
345783286
584641155
525578170
584946066
597412589
818458666
349350416
970005308
726503941
741600081
775812699
882359494
875667741
952762285
314920165
354449874
909276666
942094860
785382025
766613781
901107090
716152385
714949384
803908823
399699812
868926507
937469324
704320113
398549185
777008694
764126926
741810904
817639947
748164891
383876954
801148436
350247398
595691240
323245790
984024300
348496767
783692551
707297775
586304229
598573815
741217984
965321683
785752744
381884917
852904479
500026677
808722048
757745414
354399730
902459186
327552337
581285076
588471994
544016589
887607871
560994200
947031892
979259677
778039302
790526249
563806598
841931294
803745461
591940133
331166809
398239491
798180639
920523461
556909903
897966654
723251353
589843270
935023528
853169045
985478532
844294289
721800798
842789738
303576658
376034920
559921387
309218207
513659950
821523501
787604663
553768163
365621839
801191293
899572216
877790136
886510397
789648739
739138725
781482305
927143511
856209468
799527821
398399773
798745938
827661370
595308534
542491227
762146008
816006142
868197798
758509577
756320334
945850060
838476793
739977019
578155734
340614554
502693059
739454383
595570945
810189611
724716028
374604989
368702182
984378437
827792479
572825291
839099432
844927022
517172430
367861662
744331110
813094074
556280357
890672132
580487085
949176087
763008664
507186163
594379862
764870640
797378085
978836890
933485013
903280311
897725770
558020171
849907448
944816229
568267823
565659044
500441771
762842485
599915890
785790058
748265332
913673212
515333307
836876379
954480469
344350848
394904934
397982882
935824016
833848546
320113881
367725528
352174173
791709443
398390501
907831462
809610502
303024201
771327545
886958921
906456122
927889096
541245116
778552324
976489520
340988221
300153786
805456386
367033058
839691793
370034485
558117029
556991068
558384612
529398657
322716022
779670806
842391453
951143005
531417670
706313868
846940772
310830835
853046693
865656229
999736170
968048843
909891018
923546250
323764222
313404543
360286549
801550845
368344660
984625189
887244515
979121787
789187263
518787237
378575994
545995676
719288609
397459559
846294166
326908225
542196802
850412119
721446636
882041699
391488866
904212835
592222712
304095703
943147220
548454500
868969700
971423973
930298813
841776583
888163357
515155905
352721446
967387176
717037907
321988269
725278023
530139652
747943561
850146261
853365974
875291359
596686620
983253326
864657058
734176408
708829750
761387919
518247247
576473076
527720729
551651197
799265799
320074834
908610652
911954420
576249263
907119457
572082415
984570687
977630335
838430039
888838920
810336352
921982364
972904997
741946400
383423312
928451009
800403437
800126394
997672055
352082892
565771644
984467220
792341613
334722705
767161750
358265935
727615101
796373346
575901018
508179241
806027522
904085706
970806514
519894529
853793261
902006527
543612774
381337487
318023364
703284380
301288793
906532767
827759192
970759417
569981483
721046011
582255895
892047975
550575267
828415432
355586245
944274669
837483697
879209384
507656126
941298423
583556408
543537421
833545015
576012257
935014822
340091947
364965591
348446847
910537330
715254322
925863744
934323192
928260742
758025357
755362110
353518167
934863194
350798599
929138090
926844284
338722054
860268207
823094443
534052852
881474360
978438718
580354292
914117197
712233547
840314994
747526393
377685595
958242883
554707280
576030846
833846805
924464052
916838547
986136473
991269355
736018121
908832045
575284857
353565588
709830090
300883477
559137020
883614296
777878468
910837277
380025901
881966265
736405778
787486717
782816186
858127526
795247883
314334113
748971866
714131059
357087314
710233171
722517471
830873319
557916579
562983301
813681124
819704709
355785001
534586445
533483079
397474066
793927394
895543144
814575603
515258206
884218790
513971587
871158484
772616273
733601605
704735046
320271375
764642532
709465934
382281387
801128119
966593974
883548018
802953425
518537244
740070752
840329323
354145216
701988844
860790340
877412349
770721321
974017904
380942738
560960962
799463301
991962606
319925387
537596374
704863699
532613656
890482387
736736079
882100105
540057893
961726224
940111654
507136160
520423525
818785144
719675678
926947671
909786496
867150200
306652102
864171308
965493228
710030171
883872718
792021891
595666575
773332738
926655692
305651031
527689001
542542687
591507496
959259057
396400828
926695959
798457572
732106541
388013940
764779216
903214912
505970982
591342672
781405678
768133919
915510506
749762267
872483679
721312062
786237836
708693420
387534452
348473773
830078673
753422911
758673443
869433948
530963286
355683872
783899452
718801434
919344203
959020649
703258812
799043039
333722415
338715982
918677148
321658153
978192553
528912088
835469921
387079943
996169368
951809464
553916875
337531394
902964322
312689773
576896847
919300796
976902403
898160399
842204900
353078002
797000218
885708887
323182065
833475079
941416706
872336817
965294989
520927846
995407726
501744207
702067200
711987918
723412760
397820480
799641308
853976442
727182987
580890445
343588190
585070908
788085284
308499055
750216703
580101578
927855778
338505679
513484022
963343539
747108602
507411879
951232364
895383717
882424891
931005542
339920875
712423104
839559616
532245470
348374865
775724416
372187177
394218935
316246401
847570630
802364236
785184296
552852000
547167097
784534634
988684516
541240929
914349425
352813142
803411946
393082783
752901760
860171776
509370406
759536791
857920389
506891064
540071455
737077476
593159985
906841371
960056626
559738226
776852104
710050043
736293230
761218238
351670809
319194761
904882736
833314382
362545188
996047786
924630810
307981013
926411399
578347232
893492519
825695415
548685984
973671018
827312633
549842607
949179721
384898698
546365888
830251183
917336556
388743446
340116908
967367114
916322986
868600129
715323928
951714238
879986961
323411277
558325728
969497214
734819263
857790533
397173212
348243335
874433557
722133594
389945755
886999388
777280624
317710559
882976306
951111929
912273289
797539962
716994230
866831940
317225739
530297554
759886692
520339299
556704233
851572554
916970629
981944142
884417763
517868047
500934861
706671597
929938061
861682906
893402257
519665054
824843934
823267682
985583175
563446984
851126593
353689173
871754683
822769002
565199932
392211382
788906831
789174861
714781612
833364535
352898221
728272101
759608538
389085210
799705732
337758536
365679718
717415205
556860599
398025431
740203226
918258268
351810296
965834688
548641385
359943057
863602065
839273353
740514455
537984676
841811338
999923452
956095368
894962375
806514966
950723020
922827876
860155171
597740796
998854900
815728809
559370781
733264078
849438804
793001106
762632588
807644997
844656092
837947154
364010883
777362942
898328772
756187648
969613960
725693353
366854836
345249338
842295163
896666778
741161954
945556224
975622254
984043818
859806000
843454635
795416416
960646298
725386242
525625252
708410990
796862076
349873105
737734652
393188634
892284124
369595581
703596509
910404084
772432336
735429486
778935080
557328268
823163771
862801920
741594509
731627367
837833197
563253307
334094726
882660215
593438926
325419960
783899986
585111056
769086670
973837486
974476586
952197852
547662481
785187429
979757222
553716111
398290103
962472243
302738544
842057489
993590948
826283068
845370587
558627569
846865328
575488302
988424741
516228403
521464545
832349011
370453327
326208428
392396744
561553005
347737557
398781620
856771570
370892042
999985362
537697793
844986835
545636718
813099690
933750977
771960070
380961189
918086361
904061495
903470964
360008262
755342185
738611411
596232137
372366219
972571000
544402409
941072766
328534081
846661009
570862380
769326422
584152086
510313206
840232108
717706801
832725107
828943766
953550316
977645449
861323601
942015334
708826052
788527978
871685817
384812526
751245187
521967913
526330331
510594482
911438620
802549333
882649360
733488184
543476077
519148464
971624823
767919156
371974781
811299950
708957143
805382697
855630679
868505321
724569364
308478218
327479654
552824716
588539553
791018508
964554516
528419076
801293392
904100663
738511253
939867920
540053277
725750822
383642035
501264717
332525452
385007184
312235234
530286638
749765713
756228107
796067274
565642500
991713449
381435559
794472697
836180713
794318494
793535072
777783467
334486619
768814929
387220519
730621188
863679655
718173063
832819614
881186097
965174514
780470806
891147253
733724143
324269965
945490929
387058008
766598658
721042888
824179370
767919311
348962694
926419879
590260254
947790168
776313342
733567586
761751912
562462475
515605307
772037232
757245612
545327152
744551416
863474545
503420768
396791677
714554980
800775132
997504592
575124470
535106434
583164711
816442146
952953342
775433776
705477722
551516509
322868247
557694854
392731226
554415122
871743182
502144070
992808088
776195714
923027927
303225326
851082259
591336788
594049588
738545610
896490177
827937222
312820949
993073448
358336121
769979532
513579187
735423880
802106155
966966227
784513266
857159344
911540997
982519957
941902434
872957091
768282395
369788271
507067636
509019901
907202122
974277396
889490517
519066004
928382619
355543337
728651000
952174040
864105563
861119136
739472119
719858758
501230449
851569559
577723034
936521900
987194445
997393350
828732714
763097996
562961725
748506805
903074265
891040820
512719421
738169736
513280811
781769988
326363036
529105425
962381979
328633165
712630596
532811566
823651751
922804212
867377837
315844362
806388559
394151489
336030239
955709826
376162047
865610613
318072584
824032681
399113157
385479159
516430721
845355170
968843546
819869112
366852481
374391600
880615935
733266628
886648538
713134919
384019545
574093733
955484347
966195246
708437244
358708598
729398204
734462796
783646717
908699234
391367200
596281756
938336554
777127038
879284662
926180706
866855097
779060637
734797770
357302419
700539720
846056979
398254935
796006242
362505250
773495793
729366332
559685027
556803731
883834908
863789239
336252850
555053578
988106481
331954370
710758120
732912489
965261236
803931315
980008668
776389576
706138248
913689358
537215192
586859167
596548396
850744746
737318227
305277542
752059897
858883630
869091121
888410109
867371921
837850500
896812233
857804498
885793145
594785432
981717883
821881962
881007984
730795345
524886103
332715308
875426438
314559451
888844110
590219451
994623088
779062331
884799180
325601513
933484822
994478962
507005422
706674467
771216382
396175601
844168554
753204700
884131826
812002130
814214491
709920484
598106181
712504062
801256983
514103218
321465644
871862698
857083195
387540988
567549026
815697614
795167430
729031682
992786655
890388013
525727605
963851901
521089272
326181957
383600512
959361422
317914046
749019810
929697575
870521635
880253881
988463447
315978064
314292884
729502400
357025963
760202604
790643557
797185832
749777091
983875559
958264697
988623728
911442239
392048531
569327013
392356170
542606825
541335138
353059172
337888836
896720901
945605131
904635768
943030083
945380312
827467867
957443532
569818014
356203068
341017425
995422661
967868961
897647062
523237319
855454025
511967745
333923598
379188749
818501664
806408666
966969911
582565680
844235797
889277947
716646065
812814860
917094802
962647349
816899666
398486466
553880223
522494215
930595543
942846920
504540348
342712595
955020446
821308553
869016471
369533551
709629834
896207556
352747825
772247668
791799502
347460252
711407045
929412042
844330086
583199989
951775388
948354264
828510550
366627081
528614326
343827303
301880215
395946319
598416874
757918229
378910089
864618235
351029965
306559576
335287356
977655732
575816042
713385547
353659887
741691839
935861554
555816661
998171079
304016983
300076221
741800206
504486717
530964488
579481884
713159333
543089680
393783239
996096112
357961892
863617319
382177050
770961828
510411685
888568011
813902670
998685316
379658123
386607356
576774380
918605475
381297304
812330705
865231007
393434663
898373015
331363249
925811710
912358353
309709703
959264720
580273629
375563462
535106342
376511136
886763587
810032097
346340029
995190015
838889748
901299528
920266190
371455286
852044377
800911780
735793836
358983197
951263637
787902547
303105376
504446693
382312653
973174201
399154774
738828431
394980153
527421630
939233678
983134469
581943780
968158615
525097544
344228002
764726079
342599296
576762074
802040540
579027518
762607352
747376799
512763397
550458566
516883536
513291087
796004151
385903730
364009189
592475842
518055847
807874864
783979123
898531998
834363372
777023384
981095914
768409771
354122512
319261448
777822360
536992881
380052116
944384562
754685046
382763242
595997730
758555019
911751448
792080256
893690636
944393471
937662403
314976271
746358236
894457776
991249021
781387398
854793581
741315864
803910238
843438714
369041309
364201470
833187159
780697278
888850317
842276312
885981614
395715931
551993920
718579712
935572705
909997412
585734454
318925690
850099980
751680063
739807001
344229692
982147783
937306278
382569893
512562575
388093984
717480343
564084310
585514804
836727813
300004261
808486221
520765594
510052074
881696713
941134031
970238860
372668377
504171290
787316902
343996464
560728910
366691858
747350223
945575862
942808636
938828983
555937511
536886248
987899622
830946382
897622099
531240060
966101056
577165593
368090523
870631038
344743523
549222353
323411316
981817586
780342282
574033090
876518136
877183305
535306404
713863405
392660563
958214513
770995513
528946890
598640955
958389231
301474867
322646535
506376530
731957654
592317575
906518719
371639221
515914726
976283444
513099011
735327377
860496813
531368527
378510555
793248690
880473664
348310393
915961331
363882531
380020654
302422900
770694241
578645151
714968926
962532112
866022691
581045385
580753603
865206876
869784451
720527804
871039683
733381683
816066231
347816639
512974074
767360363
703724526
576469189
843756250
535860992
571934541
996918156
775389589
507143075
950668651
833614124
763584296
835698045
371726126
583043999
329738377
347708583
913447965
996240343
390046007
582574725
985751344
388294090
793933167
516729717
371788186
903176496
842463828
785442368
817357544
733105106
719427990
582206962
340148807
850475398
329717466
587523465
373106826
396584450
907203478
708115897
581934567
876645650
812152196
343838927
795071654
779053868
554414585
513408643
511863341
349505698
874982596
728616361
865210836
849114568
384886915
318183077
919238144
515626531
701743503
350139626
942661646
918250728
595897205
968388050
510137024
748396373
900658285
808866316
719772248
329997839
510091494
786276088
332023870
964384685
315993891
547009886
578208788
861835858
871330961
760405083
306458846
380223433
785351918
861141855
599464046
794411961
742951472
852640566
359751062
547238146
504248944
583470397
393959595
350190620
790321877
902450519
584142695
335394703
338048745
715993836
990568132
965183375
733062211
376776438
339768883
832911170
591112390
559688884
373962530
312345956
746313691
578867179
514266056
977102142
320772542
902568839
524869414
552621692
906222828
526166022
924120606
759222847
843732585
891313885
986069881
785852975
707703766
327080480
744404696
821740593
814906896
732357029
953871265
349887370
735539414
774109771
884231549
579204854
793722580
522458172
778614503
549605892
909216285
749365850
782884362
964370931
532204392
708445327
545806299
583532412
555708992
369457805
745543768
544144698
772145635
886902951
918502752
966441756
793376610
526442155
929534527
795123462
338908710
972677513
560315721
733979467
842172340
300914752
515661075
572650601
937575984
701648135
966568785
925441791
851870175
523687161
850796398
796218862
729406482
795904374
365620453
372708591
708722099
522491856
808189484
348249084
511932446
740803596
558185856
701863334
327407135
343716726
808833580
940783821
335600954
841432993
968255563
581531412
505830034
376681571
975251980
725775132
580673393
918356797
919766084
708098279
810169599
995305128
305610311
576159053
562499222
955607874
949893261
852475809
542616658
343195360
730395073
571889600
583653140
318918435
824494749
927113785
874260312
904887516
958373069
303042112
394058629
896231245
854829625
919131582
366970593
841349165
320532885
816399514
530870514
980519174
821816598
723980409
768775673
509229721
391537706
327430191
767760865
776536232
311913643
710292475
847156807
870347419
572381251
909416714
393285032
714020027
502304820
708965259
543145542
508785113
717278049
560063058
585207396
326488753
840603098
762990404
940229199
564303986
967370088
891755762
567912009
368315557
842314226
957263241
525248306
557497870
564552503
399920074
557826494
529376483
781674566
883371307
973937476
585525001
736226185
956157705
714918461
331418514
854705250
395508324
308562480
807824810
526848760
919447942
944241972
340023973
384478818
814083463
839523974
754755044
701849475
739048207
724111419
926936518
800705495
941047432
794554764
716537393
997596323
503602177
941949491
716663472
318291868
954879502
530216071
593919427
780730857
591361172
381308318
551798737
394262560
792288899
847892487
779726757
583030494
906851785
725870580
926176042
396387405
943668717
906164812
519688193
964141275
825850571
788644462
915773257
528661270
896885907
527214808
589564031
525394516
353588490
337376225
772275602
824261058
723115099
728808056
340160514
721326969
731093267
744253186
804902192
877583196
349020386
739894852
504722937
970405398
705249593
869669884
380713482
504059796
978034952
334489065
958910220
999804864
710494377
735499010
781852968
395903212
972843393
313036224
516630694
860577818
912595206
906265096
746299395
591092652
303442785
323039341
359074515
519040617
395730881
752321781
950738705
309044496
594387130
911783229
562853672
871564075
781024030
933472388
512197271
857418826
545895953
927577247
890379130
364237522
819532767
305905852
548970376
587508298
703817923
390767518
847382731
804639910
349899069
510429546
837880356
953515868
999088096
392151971
358218965
888005467
910900323
877795341
753899459
769426532
395262366
300179756
804174444
539775463
353780558
523290935
928480850
742210471
968522970
802424258
506404101
586783025
705310411
539496392
818455850
764548198
762175475
936467518
965780669
781218822
754186153
958594501
943057179
756271778
930900444
317279050
798875582
866316521
551303134
942490414
597951639
550058487
783498859
808007665
769470473
899366524
354644819
757036004
782259758
982685312
505880113
713037544
841797909
361846047
335135209
558767151
998851530
567758142
984644589
712469702
501211464
318959387
329414412
739341211
948641960
802594110
383150031
506276138
823250337
871340423
590365835
901891450
385647207
854862966
714969961
520313376
975718698
518581605
916651777
778946045
556019275
736648949
894057347
371387521
736075893
773849880
782136930
705689549
365186980
877394192
303385376
755005930
395906814
560420743
537356619
983816269
556309777
712410369
958286871
885934794
554019710
959654707
769616492
896379810
754105627
965373249
966914598
954049107
868203043
329683181
569318467
581831689
598347531
950680031
802187316
515778023
310929899
599362114
749419487
543774058
370274158
863903416
973897866
528905541
910367351
548054255
335726572
957634231
851250966
870558627
509319949
371992485
313112548
807520953
888277518
726347731
929045786
946237640
871375702
718148482
744686163
578337013
951613220
508936369
766029472
891736190
555855968
384738003
907573771
926697480
505494462
712344558
833951795
589952989
817404850
324181668
322099265
712065244
781579185
385738292
917136600
741507993
534457384
302098152
979678823
935333881
583539736
908804628
946812331
355120796
711752426
812440160
813783823
798912981
817547685
736558967
586213620
747815462
393974732
552812682
903865461
504006849
512442740
989588415
325083579
805774944
371190018
333159467
985680546
348506550
309911104
906996768
724198575
796115399
968679369
701112711
706635108
583460717
945986603
965422364
722018891
924695272
874339227
574317525
788139050
919456367
747542202
996004823
355154306
772191090
879209025
965215491
984971162
727934503
311602345
867773097
513422531
776885820
819749482
783543477
377774395
918753953
810159827
918986692
525411111
836789454
511055687
814957021
890688715
596601876
761127678
502314001
857239335
964056935
782948335
848663852
902950149
315041690
955835371
580317801
548867210
834693870
555852025
556916558
783493299
326164833
367563464
581804278
300587859
906418672
381995356
805445813
340250553
794412228
363869082
838798953
701816966
755994056
768610414
776275384
327670586
519374577
578000410
927458160
843371934
810042812
776278396
857703709
523744215
586635239
325801274
953538743
531857623
901080860
816033352
394558706
736707553
303368445
589537772
832828127
958253476
804565856
886686285
379390520
845940806
899877818
936347262
569301701
365672838
789454770
948151412
309277365
905370625
861412057
830971911
795126146
768816194
595519577
759047369
875278143
959031595
384910616
383804910
776673651
713152139
374564553
399922825
830179343
809395743
539088865
392610345
706585923
808071409
955888799
755559847
537444953
926769411
921359168
864559195
525995591
794861980
970834516
761944863
382676703
347414048
526925676
733397679
838617980
365231070
713932865
589881942
921761717
767124074
708765063
326051890
338405314
527188595
599896873
756499250
954628025
795656240
387944585
520027892
952803137
717059318
937633417
765805379
778805186
552775499
550316732
893526055
989783736
846428284
706715238
712068191
783156851
336501563
842339919
387626432
713930735
879742452
834827925
531560028
704199678
317154945
791981915
310864676
898030881
923909368
311380396
514366918
318257941
756470931
964765202
738530649
506120650
807666745
881158370
720115683
598981924
790267818
959948008
807106492
846732595
531095291
342183643
759919788
390102340
791728314
808657953
871511557
598711591
709153474
801144989
578434288
501197712
971276209
335555125
373990151
567643507
391208164
350251545
321508779
945815087
783793760
345658661
909505694
590258330
325397908
957597026
839635199
338690588
535677803
807492193
992621201
856386253
572527639
855138485
540856700
571072518
766714390
881552377
886446574
582445032
869193031
998341336
372570805
517994104
970675680
889279353
347886996
980909351
391369832
724573285
318576403
888394043
754485096
342582387
553617156
777564239
395454967
526704172
339500944
894270061
991769680
923374432
323791901
702900801
818951362
946471979
889454241
384963848
799491763
937793215
976834880
737162238
397020866
900117988
925189548
583466428
851620175
581882503
556510339
963835376
342800999
808738278
580145834
835156761
798699677
819246129
912801278
977186307
336122259
740695624
881839857
357213069
965669169
719666207
905770370
933998746
870319206
987478493
906421867
582366269
737723574
815404932
897372975
322769706
386934188
855489452
974417128
850695236
711962647
361501414
718747154
789379847
932183448
846006550
812298760
573214818
352469743
753668346
994264547
904564904
550191071
338518714
341113390
966251386
541030652
543540442
950209240
743309244
757483334
933152436
714996856
394247975
322201557
390619344
903723679
548631287
503436732
762203405
347536055
878931041
804313623
521007166
339780913
587357758
966725679
553203663
707976477
853632678
736114501
965696447
301203617
752550683
586022866
331977635
854593515
719758781
515120686
746249752
536658354
984644893
878323266
342454201
522899741
959374056
773658540
974235204
870340299
984627168
812144515
726136006
952724454
581721436
592119215
772293404
373970661
399766432
575768389
508895378
927120909
366097930
513138320
861752622
734451847
765697665
822313309
599693338
976936495
389801253
702021172
970005895
548489464
979828333
341809008
857258112
727962996
952350289
368840056
768262298
832780635
945553676
564512511
787571582
793710421
531329752
511866630
338777986
976918398
847571604
525441084
848678784
711005957
811611863
823181536
812104882
560475368
703414388
744110848
703884847
878354809
359090156
802704378
321596470
921121324
554401322
741413064
912225016
592226214
717528859
745750880
331280140
571784785
774416765
343449923
940724763
926768745
942518224
309279177
990314988
940893796
841905722
518125610
315549582
709169943
918210075
552372602
774935054
526315407
871645406
995652384
849160054
569233809
935183035
526229383
908402844
924037722
979565111
355693384
997111170
861819224
579528837
780912443
336893623
855874840
721736145
582308552
972006981
940047524
939107508
814666525
742573674
764764575
924112455
745007617
951996390
760240799
703823007
310233910
369700152
718030635
309660401
841175972
515143689
825028783
590963065
370013950
334061835
914405146
504493737
885565801
899962347
771346861
744862441
827476109
949134883
806092890
708220616
740868420
960359621
936188806
869769060
573767716
353133055
840478328
747474650
501980494
813413799
321921277
749435570
330229608
765980198
993902872
783732389
787732284
328127372
796368004
816907038
372177340
536565149
938618420
790078448
567075117
589751554
567647811
567649347
567645324
356138304
567650842
337767077
366550425
343722031
328268904
866746369
327265514
567731516
567648490
359162960
567649103
345995792
562713139
567649128
394012304
334697719
567648728
327793743
337562416
354384164
346561847
333255973
862622614
329906232
345585073
325469029
567730737
567683009
567644864
567690897
567652422
567649062
567732472
562635748
567648074
567731811
567648144
567649089
567681889
567688916
568621235
564175327
562550870
567649305
562096910
348796532
566640253
589842423
568663601
589463865
522261623
362063724
585060236
566066950
563794286
563595686
566034007
589083676
566691803
911659004
567002569
566062152
335640795
589385473
563378194
589828220
583576331
566089814
589790308
566102624
563267868
357403010
586592115
563270728
589665361
563087517
583134708
586724137
589902075
589274008
588785440
589865641
818373266
814308279
325773619
589356977
588210650
925524180
589597530
912310928
822155249
847315513
589323909
589483298
824725689
817949683
845651112
835650768
822199791
925711206
925868569
589653955
588856367
587928680
819162125
836634873
835228325
859231008
829894571
827381565
589430870
589759829
587890908
925634239
818093849
589273472
589709689
913876830
818132251
845649286
925458001
589483346
858424375
827779601
588903184
589497330
925705481
925658165
925752304
815189113
819948301
925648938
589958892
589314650
589505370
589472722
589497092
589690153
589194828
588768065
589880659
588234074
588802641
589497489
589038715
567541364
567557981
567557862
567492857
567569538
567660205
567604883
567458950
567577265
567520178
567602812
567503309
567590191
567637078
567687805
567535015
567549534
567654627
567595708
567531069
567609366
567468096
567665413
567604159
567625513
567570188
567659800
568540322
567556722
925526959
566227860
338235425
585374706
567086916
565006327
398569414
589623081
567580379
567544349
567583676
567519298
567579297
567530869
567470143
567470306
567653566
567522349
567483725
905296281
586129188
325829703
586469731
589698472
924550135
563798955
818422973
833762724
583299169
589617396
567107563
589775924
865443784
564268130
328588654
345362529
566125098
922825175
337056504
563171369
346486183
941317631
566149807
523642467
589717068
369434258
311311569
350420485
915771236
929486532
986214530
564310623
938184135
753854605
954311776
529319998
316432832
378368984
827948216
941316687
556013440
919385923
964748598
891398154
851892093
375150167
559297419
937744959
844287984
567862334
964618534
705191338
317711420
801465395
888621949
319161631
584766778
757803606
836776572
717692718
332021006
370599631
726165234
900940469
898979047
730443506
598722685
898369087
983893676
844037645
388387824
304073622
808221618
987801795
350598664
527436590
744587358
589420710
589791429
589496571
589795998
589822704
589940502
589441685
589647493
589402033
589764686
589779201
589457172
588744113
588744069
588744112
588746158
588748045
588748053
588746178
588746099
588746176
588746907
588748043
588746890
588748040
588747059
588746905
588746119
588748047
588746970
588747164
588748041
588746953
588744046
588744063
588744067
588744019
588744038
736469791
563992940
927290224
575558093
502169917
719769788
996896032
761191656
743021363
351675022
911946062
766887470
336156143
552664293
902368802
815845909
875021150
828519120
517280684
556054533
838981499
346558672
912164032
949853673
832465983
895327161
371649506
934592646
787827929
511362022
509495254
902088616
982910301
725655467
951322635
344352650
967460084
556690319
715647399
516583706
749238629
991987669
352049669
839496810
562519702
984292552
978950179
808221109
747473051
872834276
383074415
840118562
331840903
963270994
854028661
592918315
917657597
748336946
938658099
797132236
854199851
771722311
849168373
841189964
327746080
368078475
773981891
895650863
903198263
958886401
870853844
763556983
574733838
784078025
512922467
706197951
939450680
572906576
782917567
570229052
946080350
313322925
934068938
715022121
908828795
859192454
306698058
574039237
761220238
379552052
598476400
949138613
399822342
842089884
748584866
390195334
718624749
855963672
340424810
986264881
859441574
562861606
842980348
930380365
892286706
964723047
910673562
712845395
838962571
357637628
725860895
810209287
750177112
787505724
556729067
582713076
736823264
811775053
556285691
316882657
904144573
721017100
787066008
750839193
871433963
943394669
961939753
523099738
582926722
575377113
382394359
546522901
870507351
876677801
993451865
370913424
393127121
784054607
939190498
311984871
759729641
397392334
707763647
342314377
809740460
719859931
889733726
340480290
807889507
908474280
504897457
864238533
546327632
599442581
520060348
396537954
873665862
323885014
921048729
837106635
556042096
374585079
890878151
960704390
561412752
918844872
899493209
826822102
925657281
887468290
313129689
757091608
328334050
856157074
962111439
730158583
802426866
797558899
526237027
859751237
700937788
513348299
818920239
530173397
544412413
826194464
597518039
904375966
850629216
847027668
379100784
796289477
309984343
537075307
782400307
544088960
343793685
398345082
308954912
831374539
389414994
851246970
782470307
873499161
370065901
709385647
539477090
555461823
543860288
996661285
559884369
916874504
886059094
874174831
317485334
749297656
751904923
873471256
814229039
853109552
318635781
305527464
898978942
396885668
754749624
332365708
900036822
728664395
580986819
892048046
924709946
330533499
989337724
308054580
986399364
864596104
576114659
989776549
786671153
731088995
576054339
930908812
822871140
807033067
354062258
837754393
842010724
829797853
385165207
848055494
874234705
835582704
752741881
777728432
828537346
983209806
901588541
949009787
500453965
399084637
545549624
956472293
567062646
994547576
759896454
898664852
341141590
726469067
366799124
741489389
864444726
705445162
713659137
509206459
830132372
566368544
852337148
772975139
319274669
536888158
339647164
521737649
562401334
587108258
708979530
303920126
554178163
350507420
362867232
540572615
535615087
905554073
967166356
745308262
357271775
994550174
958886386
950291113
353344464
761321787
882865429
565183840
874507028
358353158
380045611
918085128
331261908
729722559
738021435
508636637
530663025
564009012
367684713
953810651
985628353
990645373
729080468
500142427
795184628
856569300
897755552
370787752
547437194
914643816
358540322
560099437
564626422
947450081
909025989
736951641
700736550
549556407
327156805
325758512
765181215
556891056
901935640
751112716
989771802
878866209
990090389
356769163
361746304
341981773
828092615
307342974
797101733
537054416
513727031
922499830
846369001
507979618
326912202
757978786
598933014
888453271
549319738
398377933
707912656
785085139
959784914
820098215
997457469
714652500
778614817
362089318
968631514
976385444
725195778
932413871
737814665
504557657
318989214
833300940
878600251
747122665
582016306
918528813
996347256
373210384
849307671
718693621
957219740
811426224
971305158
328042349
773215812
751646734
830135360
334316359
866954575
702067416
578393842
998598982
519191172
302524034
853381133
332405208
742179868
377411591
935570907
961278089
540668052
501295657
596428605
789513900
720354549
782862069
723239804
362759370
537906941
970248820
882250274
905838267
339511525
584585665
380113496
913875751
370347401
746263980
951839062
314634430
544906474
390912082
895071360
978312830
531821953
778004406
508307161
803547759
709036056
967077102
339257105
928297889
390173387
565626234
897001045
907949080
881972491
599083223
367708017
776541245
898696204
879835217
590617672
530874877
341077977
872969521
946949101
735837246
972025817
571278744
955282245
319855822
304064288
774232006
925935381
373314155
861570604
993112856
950701568
964754020
391480525
985903228
795829593
324789035
574405323
981448806
724373529
356389721
585948088
793564473
954660515
965790924
589166518
812771046
961210307
986747703
767594774
891443037